10 	0.2 	0 	6.402034044265747 	2152 	1936 
10 	0.2 	1 	6.432068824768066 	1594 	1042 
10 	0.2 	2 	6.42028284072876 	2103 	1586 
10 	0.2 	3 	6.205139875411987 	2411 	2139 
10 	0.2 	4 	6.355387210845947 	1427 	1187 
10 	0.2 	5 	6.4984142780303955 	2048 	1521 
10 	0.2 	6 	6.214833974838257 	2758 	2170 
10 	0.2 	7 	6.711413860321045 	2758 	1720 
10 	0.2 	8 	7.056851863861084 	2592 	1574 
10 	0.2 	9 	6.8467698097229 	2463 	1869 
10 	0.4 	0 	6.263858079910278 	1057 	1025 
10 	0.4 	1 	6.642327070236206 	808 	615 
10 	0.4 	2 	6.5799291133880615 	1219 	917 
10 	0.4 	3 	6.211453914642334 	1251 	1230 
10 	0.4 	4 	6.371999979019165 	1279 	630 
10 	0.4 	5 	6.485013008117676 	908 	908 
10 	0.4 	6 	6.736414909362793 	1975 	1374 
10 	0.4 	7 	6.653301954269409 	1440 	1020 
10 	0.4 	8 	6.183604001998901 	1140 	876 
10 	0.4 	9 	6.2176477909088135 	1161 	1136 
10 	0.6 	0 	6.677928924560547 	865 	841 
10 	0.6 	1 	6.725927829742432 	664 	615 
10 	0.6 	2 	6.671460151672363 	793 	793 
10 	0.6 	3 	6.337073087692261 	815 	815 
10 	0.6 	4 	6.590224027633667 	601 	521 
10 	0.6 	5 	6.59415078163147 	755 	755 
10 	0.6 	6 	6.322468280792236 	1120 	1101 
10 	0.6 	7 	6.850972890853882 	658 	610 
10 	0.6 	8 	7.223944187164307 	822 	582 
10 	0.6 	9 	6.586483001708984 	711 	710 
10 	0.8 	0 	6.6666388511657715 	818 	818 
10 	0.8 	1 	6.700840950012207 	664 	615 
10 	0.8 	2 	6.662925958633423 	793 	793 
10 	0.8 	3 	6.725683212280273 	815 	803 
10 	0.8 	4 	6.8023459911346436 	601 	521 
10 	0.8 	5 	6.775767087936401 	770 	755 
10 	0.8 	6 	6.73915696144104 	1237 	1083 
10 	0.8 	7 	6.824759244918823 	599 	540 
10 	0.8 	8 	6.74204421043396 	562 	554 
10 	0.8 	9 	6.673974990844727 	711 	671 
20 	0.2 	0 	8.59747576713562 	4742 	4394 
20 	0.2 	1 	8.624133825302124 	9599 	8430 
20 	0.2 	2 	8.63500714302063 	6768 	6210 
20 	0.2 	3 	8.342587947845459 	9764 	9188 
20 	0.2 	4 	8.624963760375977 	4436 	4215 
20 	0.2 	5 	8.661710262298584 	7456 	6527 
20 	0.2 	6 	8.217725038528442 	11510 	10455 
20 	0.2 	7 	8.65501093864441 	4627 	3920 
20 	0.2 	8 	9.083178997039795 	4112 	3465 
20 	0.2 	9 	8.818053007125854 	6269 	4979 
20 	0.4 	0 	8.608402967453003 	3067 	3066 
20 	0.4 	1 	8.715950012207031 	5909 	4847 
20 	0.4 	2 	8.300811052322388 	3898 	3838 
20 	0.4 	3 	8.725261926651001 	5710 	5118 
20 	0.4 	4 	8.570809841156006 	2798 	2495 
20 	0.4 	5 	8.506798267364502 	3631 	3582 
20 	0.4 	6 	8.457005977630615 	7058 	6238 
20 	0.4 	7 	8.266911029815674 	2594 	2145 
20 	0.4 	8 	8.290656089782715 	2133 	2096 
20 	0.4 	9 	9.140136957168579 	3704 	2925 
20 	0.6 	0 	9.37952709197998 	3073 	2986 
20 	0.6 	1 	8.705536127090454 	3481 	3206 
20 	0.6 	2 	9.162624835968018 	3583 	3583 
20 	0.6 	3 	9.206395864486694 	3452 	3317 
20 	0.6 	4 	9.242845296859741 	2503 	2173 
20 	0.6 	5 	9.260390758514404 	3028 	3010 
20 	0.6 	6 	8.649256944656372 	4175 	4126 
20 	0.6 	7 	9.222560167312622 	1647 	1638 
20 	0.6 	8 	9.230952978134155 	2133 	1965 
20 	0.6 	9 	8.696140050888062 	2141 	2110 
20 	0.8 	0 	9.343246936798096 	3073 	2986 
20 	0.8 	1 	9.304736137390137 	3382 	2980 
20 	0.8 	2 	9.322566986083984 	3583 	3583 
20 	0.8 	3 	9.308547019958496 	3385 	3040 
20 	0.8 	4 	9.338890790939331 	2503 	2173 
20 	0.8 	5 	9.345674753189087 	4086 	3010 
20 	0.8 	6 	9.45002794265747 	4207 	3878 
20 	0.8 	7 	9.270107984542847 	1647 	1638 
20 	0.8 	8 	9.319318771362305 	2133 	1965 
20 	0.8 	9 	9.284565925598145 	2247 	1995 
50 	0.2 	0 	16.103678226470947 	45944 	40870 
50 	0.2 	1 	15.901162147521973 	33935 	30613 
50 	0.2 	2 	14.222081899642944 	39274 	34520 
50 	0.2 	3 	15.137259721755981 	32679 	27828 
50 	0.2 	4 	16.065106868743896 	33283 	32408 
50 	0.2 	5 	14.422888278961182 	41932 	35016 
50 	0.2 	6 	15.828046798706055 	47740 	43136 
50 	0.2 	7 	15.050855159759521 	47511 	43864 
50 	0.2 	8 	16.139562845230103 	40576 	34323 
50 	0.2 	9 	14.706992864608765 	37184 	33002 
50 	0.4 	0 	15.355983972549438 	25043 	23833 
50 	0.4 	1 	15.102887868881226 	19670 	17938 
50 	0.4 	2 	14.268217086791992 	21958 	20502 
50 	0.4 	3 	15.841621160507202 	17911 	16667 
50 	0.4 	4 	16.19823694229126 	19620 	18007 
50 	0.4 	5 	15.281055927276611 	25463 	20508 
50 	0.4 	6 	15.079768896102905 	24011 	23070 
50 	0.4 	7 	14.880140781402588 	26223 	24888 
50 	0.4 	8 	15.443840026855469 	23456 	20015 
50 	0.4 	9 	15.946723222732544 	22016 	19226 
50 	0.6 	0 	16.80638837814331 	18031 	17969 
50 	0.6 	1 	15.683902978897095 	14231 	14050 
50 	0.6 	2 	16.773067951202393 	16497 	16497 
50 	0.6 	3 	16.80314803123474 	14367 	14080 
50 	0.6 	4 	16.66067385673523 	14711 	14605 
50 	0.6 	5 	15.698217391967773 	15200 	14273 
50 	0.6 	6 	16.03562903404236 	17783 	17616 
50 	0.6 	7 	16.852475881576538 	22153 	21329 
50 	0.6 	8 	16.66260004043579 	14405 	14202 
50 	0.6 	9 	16.78072500228882 	14419 	14366 
50 	0.8 	0 	16.94273805618286 	21206 	17934 
50 	0.8 	1 	16.873419761657715 	14554 	14040 
50 	0.8 	2 	17.005669832229614 	17237 	16513 
50 	0.8 	3 	17.008987188339233 	14875 	14080 
50 	0.8 	4 	17.00359869003296 	15214 	14605 
50 	0.8 	5 	16.886280059814453 	14505 	14066 
50 	0.8 	6 	17.649420022964478 	19509 	17616 
50 	0.8 	7 	18.55103325843811 	24040 	21351 
50 	0.8 	8 	18.53205680847168 	15144 	13942 
50 	0.8 	9 	18.48659110069275 	15300 	14366 
100 	0.2 	0 	30.600002765655518 	161148 	146695 
100 	0.2 	1 	29.405014038085938 	132605 	126165 
100 	0.2 	2 	30.80832076072693 	138760 	130346 
100 	0.2 	3 	28.809625148773193 	143689 	131675 
100 	0.2 	4 	30.947179079055786 	139133 	125952 
100 	0.2 	5 	30.513612747192383 	164051 	140375 
100 	0.2 	6 	30.73998498916626 	142160 	137382 
100 	0.2 	7 	29.096475839614868 	174742 	161053 
100 	0.2 	8 	31.412841081619263 	128573 	117512 
100 	0.2 	9 	31.402034997940063 	126325 	119574 
100 	0.4 	0 	31.736096143722534 	91241 	86295 
100 	0.4 	1 	31.400609016418457 	76496 	73421 
100 	0.4 	2 	32.2209632396698 	88053 	80432 
100 	0.4 	3 	32.10146903991699 	90297 	80079 
100 	0.4 	4 	31.982559204101562 	77266 	71696 
100 	0.4 	5 	31.793740034103394 	87080 	78245 
100 	0.4 	6 	31.89220690727234 	82045 	78647 
100 	0.4 	7 	27.491567134857178 	96630 	95089 
100 	0.4 	8 	32.291608810424805 	76146 	70298 
100 	0.4 	9 	31.691006183624268 	74466 	72276 
100 	0.6 	0 	33.00570297241211 	73809 	72037 
100 	0.6 	1 	33.243377923965454 	60727 	59234 
100 	0.6 	2 	33.41032409667969 	69851 	68666 
100 	0.6 	3 	32.81527805328369 	69277 	68860 
100 	0.6 	4 	32.936381340026855 	55300 	55289 
100 	0.6 	5 	33.239994287490845 	62546 	62453 
100 	0.6 	6 	33.02852201461792 	62213 	62197 
100 	0.6 	7 	33.175336837768555 	84917 	80830 
100 	0.6 	8 	33.14378523826599 	59151 	58734 
100 	0.6 	9 	33.060704946517944 	62312 	61366 
100 	0.8 	0 	33.41827034950256 	76709 	72539 
100 	0.8 	1 	33.069839000701904 	61844 	59263 
100 	0.8 	2 	33.37909698486328 	69851 	68682 
100 	0.8 	3 	33.3816237449646 	82722 	68891 
100 	0.8 	4 	33.26363801956177 	57181 	55214 
100 	0.8 	5 	33.02530908584595 	67105 	62681 
100 	0.8 	6 	33.339115858078 	68967 	62463 
100 	0.8 	7 	33.15258169174194 	84917 	80968 
100 	0.8 	8 	33.21485900878906 	64275 	58746 
100 	0.8 	9 	33.370558977127075 	62312 	61375 
200 	0.2 	0 	59.24905490875244 	539275 	519670 
200 	0.2 	1 	55.8653302192688 	590565 	557291 
200 	0.2 	2 	59.60538077354431 	531202 	503488 
200 	0.2 	3 	59.91232681274414 	610429 	595600 
200 	0.2 	4 	53.24113893508911 	555339 	529063 
200 	0.2 	5 	59.850109815597534 	502276 	491742 
200 	0.2 	6 	58.716320753097534 	491562 	469540 
200 	0.2 	7 	59.92129707336426 	540747 	512270 
200 	0.2 	8 	56.23115611076355 	592237 	545448 
200 	0.2 	9 	59.61398386955261 	580352 	555334 
200 	0.4 	0 	61.19821786880493 	306112 	298375 
200 	0.4 	1 	57.3075430393219 	345498 	326941 
200 	0.4 	2 	60.946985960006714 	309154 	298782 
200 	0.4 	3 	61.07362413406372 	360852 	356411 
200 	0.4 	4 	52.50315022468567 	322818 	311771 
200 	0.4 	5 	61.17232799530029 	293314 	284193 
200 	0.4 	6 	60.79676103591919 	283557 	277445 
200 	0.4 	7 	57.427021741867065 	297662 	282131 
200 	0.4 	8 	57.342045068740845 	332189 	316860 
200 	0.4 	9 	56.91507601737976 	334893 	324933 
200 	0.6 	0 	64.44881105422974 	261911 	254532 
200 	0.6 	1 	64.64519715309143 	268815 	266376 
200 	0.6 	2 	64.00240516662598 	255609 	254478 
200 	0.6 	3 	63.829204082489014 	297822 	297111 
200 	0.6 	4 	64.35445284843445 	270265 	260346 
200 	0.6 	5 	63.94780921936035 	242308 	235753 
200 	0.6 	6 	64.84948921203613 	261942 	246802 
200 	0.6 	7 	64.05090188980103 	228077 	225373 
200 	0.6 	8 	64.18971705436707 	256144 	254759 
200 	0.6 	9 	64.10400414466858 	269280 	268372 
200 	0.8 	0 	64.81027412414551 	265681 	255675 
200 	0.8 	1 	64.83270001411438 	281989 	267656 
200 	0.8 	2 	65.06567788124084 	272172 	254777 
200 	0.8 	3 	64.08038568496704 	309430 	298429 
200 	0.8 	4 	64.14288091659546 	270265 	260342 
200 	0.8 	5 	64.18491578102112 	261255 	236869 
200 	0.8 	6 	64.08062100410461 	269384 	247107 
200 	0.8 	7 	64.54923605918884 	249411 	226091 
200 	0.8 	8 	64.09786915779114 	280785 	256126 
200 	0.8 	9 	64.41105699539185 	313844 	268698 
500 	0.2 	0 	134.86936902999878 	3138001 	3052557 
500 	0.2 	1 	131.33999586105347 	3583694 	3493670 
500 	0.2 	2 	128.76617288589478 	3319371 	3211486 
500 	0.2 	3 	126.72469401359558 	3419109 	3324084 
500 	0.2 	4 	129.53192329406738 	3415289 	3287068 
500 	0.2 	5 	128.44372510910034 	3030468 	2925580 
500 	0.2 	6 	127.60719799995422 	3417843 	3291778 
500 	0.2 	7 	126.97253799438477 	3384944 	3285120 
500 	0.2 	8 	128.24237394332886 	3628831 	3499616 
500 	0.2 	9 	126.5384829044342 	3358656 	3237215 
500 	0.4 	0 	130.80443406105042 	1848778 	1797247 
500 	0.4 	1 	131.15050292015076 	2067505 	2025768 
500 	0.4 	2 	126.56137108802795 	1924965 	1887088 
500 	0.4 	3 	128.532940864563 	1942775 	1912447 
500 	0.4 	4 	127.55286288261414 	1911542 	1845495 
500 	0.4 	5 	127.62837386131287 	1661437 	1628246 
500 	0.4 	6 	127.59768319129944 	1971221 	1932544 
500 	0.4 	7 	128.31068301200867 	1938286 	1842797 
500 	0.4 	8 	130.51510000228882 	2073999 	1995840 
500 	0.4 	9 	129.2477617263794 	1959987 	1866141 
500 	0.6 	0 	150.7392110824585 	1647652 	1579696 
500 	0.6 	1 	156.42326188087463 	1764296 	1713617 
500 	0.6 	2 	157.72145295143127 	1715771 	1641998 
500 	0.6 	3 	156.35085892677307 	1701523 	1642249 
500 	0.6 	4 	157.50502967834473 	1477145 	1468789 
500 	0.6 	5 	156.26441383361816 	1464070 	1412481 
500 	0.6 	6 	159.20939230918884 	1688032 	1635859 
500 	0.6 	7 	155.81848192214966 	1576259 	1541274 
500 	0.6 	8 	158.0804762840271 	1721636 	1681188 
500 	0.6 	9 	156.83111095428467 	1530356 	1519514 
500 	0.8 	0 	158.0326898097992 	1694893 	1580722 
500 	0.8 	1 	160.2471308708191 	1850814 	1713336 
500 	0.8 	2 	160.00395393371582 	1766450 	1642391 
500 	0.8 	3 	157.89605832099915 	1743002 	1642365 
500 	0.8 	4 	161.09539103507996 	1575640 	1469516 
500 	0.8 	5 	158.83468413352966 	1464070 	1413493 
500 	0.8 	6 	160.07392406463623 	1725622 	1636816 
500 	0.8 	7 	159.56107997894287 	1685684 	1544134 
500 	0.8 	8 	157.774493932724 	1742237 	1681431 
500 	0.8 	9 	160.08404088020325 	1643286 	1521850 
1000 	0.2 	0 	274.50468707084656 	15253762 	14944485 
1000 	0.2 	1 	275.42181491851807 	13405134 	13143228 
1000 	0.2 	2 	275.0037088394165 	12939686 	12820007 
1000 	0.2 	3 	274.1653411388397 	12759278 	12571897 
1000 	0.2 	4 	272.9459810256958 	13528691 	13345986 
1000 	0.2 	5 	273.8559899330139 	12368511 	12254623 
1000 	0.2 	6 	273.09599685668945 	14209432 	14071690 
1000 	0.2 	7 	275.40395402908325 	13358931 	13189940 
1000 	0.2 	8 	277.45472407341003 	12662353 	12500764 
1000 	0.2 	9 	275.5549192428589 	13437792 	13285111 
1000 	0.4 	0 	279.8973910808563 	8700600 	8537670 
1000 	0.4 	1 	281.478187084198 	7598164 	7509258 
1000 	0.4 	2 	282.14726305007935 	7345370 	7218450 
1000 	0.4 	3 	281.67688608169556 	7316169 	7225607 
1000 	0.4 	4 	279.849396944046 	7763699 	7631725 
1000 	0.4 	5 	281.53618931770325 	7153342 	7094733 
1000 	0.4 	6 	279.71211791038513 	8477985 	8281377 
1000 	0.4 	7 	279.4830491542816 	7515973 	7455372 
1000 	0.4 	8 	282.56137704849243 	7339539 	7256185 
1000 	0.4 	9 	281.57369804382324 	7621090 	7538045 
1000 	0.6 	0 	313.99829602241516 	6423543 	6411940 
1000 	0.6 	1 	316.2096199989319 	6186274 	6116324 
1000 	0.6 	2 	315.8157329559326 	6140787 	5997650 
1000 	0.6 	3 	294.4929940700531 	6297387 	6099891 
1000 	0.6 	4 	292.4549140930176 	6550471 	6355772 
1000 	0.6 	5 	291.0701401233673 	6333019 	6100425 
1000 	0.6 	6 	291.3648178577423 	6618389 	6579502 
1000 	0.6 	7 	290.510705947876 	6198910 	6079217 
1000 	0.6 	8 	291.23946809768677 	6328685 	6197332 
1000 	0.6 	9 	289.7118639945984 	6297127 	6159436 
1000 	0.8 	0 	293.5068531036377 	7064224 	6464216 
1000 	0.8 	1 	294.91133213043213 	6564338 	6151532 
1000 	0.8 	2 	294.23856687545776 	6387338 	6016234 
1000 	0.8 	3 	298.0243411064148 	6513762 	6121502 
1000 	0.8 	4 	291.49079513549805 	6744425 	6370237 
1000 	0.8 	5 	292.3263189792633 	6394290 	6103759 
1000 	0.8 	6 	299.0897550582886 	7449429 	6636408 
1000 	0.8 	7 	298.38144612312317 	6619297 	6107779 
1000 	0.8 	8 	297.5068049430847 	6593993 	6210775 
1000 	0.8 	9 	295.8740611076355 	6722093 	6193485 
